45	74	91	100	104	110	90	88	61	103	109	115	120	129	129	139
45.8	78	91.6	101.5	107.7	109	90.1	87.2	59	82.5	102.7	110.1	115	122	132.4	138.1
49.7	78	89.2	98.2	103.9	107	92.5	89.5	61.8	81	98.2	107.7	113.3	122.5	131.1	143
27.5	47	83.5	95.1	96.8	103.5	92	87.5	56	58.1	97.8	106.1	112.7	119.4	129.4	141.6
47.08	60.83	88.11	105.64	117.33	102.8	73.5	87.5	55.91	66	99.55	108.27	113.45	119.64	126.57	138.92
48.46	64	86.71	95.56	100	101.8	92.5	87	58.46	73	96.83	105.58	111.63	118.07	125.6	139.1
49.58	75	88	96.45	101	100.25	92.5	87	59.67	82	95.93	103.71	110.89	118.16	125.83	138.25
48.18	78.5	87	95.5	103.8	97	92	86.5	58.67	82	96.08	104.65	111.27	117.86	124.8	137.74
33.33	57	85.17	93.82	99	101.4	92	86.5	71.5	63	96.55	105.09	110.13	117.23	123.25	139.11
49.85	67.67	86.18	91.89	100.5	101.2	94.5	86.5	58.62	73.17	95.93	104	110.63	118.43	122	137.67
48.07	65.22	85.64	91.9	100.4	100	94.5	86.5	57.94	73.67	94.35	102.21	108.15	117.06	123.4	136
44.38	68	82.2	87.67	96.75	95.5	93.5	86	54.64	84	91.75	101.5	109.75	117	124.6	136.2
45.38	66.5	83.58	89.3	90.5	98.67	88	97.33	54.75	83	91.62	100.9	107.65	115.43	123.25	136.5
36.25	49.42	80.36	86	93	97.33	89.33	85.33	59.33	58.91	88.36	96.75	107.14	115.59	123	134.73
47.64	61.89	78.75	85.9	92	100.8	86.5	83	57.18	72.6	88	96.1	105	112.17	121	134.25
48.31	63.2	77.1	85	91	95.67	86.5	83	58.08	70.62	88.38	95.42	103.1	111.86	119.17	134
45.38	64.33	78.62	83.38	89.25	92.4	86.5	82	54.33	70.25	86.33	93	101.64	112.07	119.7	131.73
46.62	56	76.92	85.5	93.37	92	84.5	81.5	53.32	74.5	86.75	93.71	101.67	111.41	121	132.8
34.33	38.15	76.44	82	89.17	91.33	82	79	39.67	46.6	80.29	91.46	100.91	111	120.2	132.33
37.27	48.88	68.56	76.88	79.75	74.88	78.5	75.5	47.27	61.11	78.44	88	95.8	106	114.63	129
33.53	44.5	64.22	72	77.67	77.25	76	75	42	57.92	75.11	84.17	92.88	104.77	112.83	129.78
26.57	48	58.88	68.8	71.5	79.8	85.67	83.33	35.15	68	69.4	81.36	91	104.23	116	129.78
18.57	28.5	42.5	54.8	59.25	74.25	79	80.67	27.57	62.5	61.18	76.4	85.63	96.11	109.29	123.25
10	14.27	43.11	58.67	57.33	76.33	68.5	68.5	29.75	27.27	54.69	66.46	75.45	93.08	108	124
15.44	3.2	46.86	55.88	60	63	61	52	29.78	54.5	59.91	67	78.63	96.9	111.13	127.25
16.82	32.6	44.7	58.43	61.67	59.67	62	62	25.7	41.4	55.93	68.5	79.67	95.42	104.67	119.25
19	34.33	45	55	64	63.33	61.33	58	26.77	44.25	55.47	66.14	78.83	91.75	103.71	117.64
22.54	35	48	56.3	65	59.33	58	58.67	30.71	44.25	57.06	68.56	79.17	92.14	101	116.22
22.5	33.43	52.08	63.2	72	68.4	58.67	59.33	41	40.85	61.69	72	81.2	93.62	106	116.4
28.91	44	58.5	63.67	69	60.33	57.67	58	39	46	65.91	76.3	84.43	94.38	99	112.14
30.5	45	52.7	59.43	72.75	62.33	58	58.33	39.67	50.67	67.18	78.22	87.25	96.73	104.13	111.63
31.2	37	58.64	65.13	70.8	67.67	55.5	75.25	39.9	51.67	68.14	76.18	83.38	94.5	102.17	112.86
34.62	47	60.08	69.33	75.43	68.67	68.33	74.33	41.67	56.17	68.25	78.4	85.82	96.27	106	115
36.93	39.4	62.4	70.31	75	77	62.5	76.33	46.08	48.6	71.69	79.5	87.22	96.33	108.83	114.11
36.8	51.78	67.24	75.06	79	74.2	70	76.33	47.6	61.17	75.17	82.45	86.33	95.43	107	115.33
47.64	55.56	70.94	79.08	82.89	77.71	71	76	58.6	66.33	79.42	85	90.1	98.5	112	118.86
53.41	55.67	77	85.5	87	84.63	72	76.5	68.07	68.8	84.79	90.67	95.45	100.73	110.33	118.89
57.86	56.33	77.77	82.5	86.33	87.11	81.33	111.67	77.83	75.86	92.08	92.2	95.86	102.55	112.33	119.57
56.63	71.13	86	94.91	93.33	92.29	89.75	91	81	85	95.19	99.08	102.86	109.9	115.5	120.71
75.14	75.6	90.06	99.42	97.57	98.17	93	88	95.43	92.38	104.63	108.92	107.88	112.9	116.5	123.67
63.61	74.33	82.5	91.3	90.67	96.5	91	87	86.81	95.89	101.31	101.36	104.6	114.38	117.67	125.11
59.68	64.83	82.43	90.93	92.1	92.44	92.33	91.8	76.4	90.17	95.5	100.82	104.54	113	118.88	125.45
55.11	59.5	80.05	86.92	89.71	90.29	85	89	71.25	80.25	94.22	101.6	105.4	111.53	114.71	122.22
44.17	53.33	76.06	81	85.71	85.17	80.5	83.25	69.83	65.06	88.44	93.5	101.64	109.07	112.43	120.3
52.6	63.85	75.5	82.08	85.43	83.17	77.5	81.75	67.07	72.33	87.64	92.93	97.71	108.92	111.2	121
57.32	69.46	80.8	87.6	92.1	85.57	90.67	80	69.89	79.5	93.1	97.15	103.18	108.46	115.86	121.22
61.79	68.43	82.22	89.55	94.44	88.71	97.5	79.67	75.12	79.83	93.93	100.54	104.4	109.86	119	122.5
74.42	65.33	86.79	94.17	98.11	94.13	92	84.33	83.93	84.67	97.75	104.17	107.09	110.08	117.78	124.7
55.8	76	84	95	97	88	89.8	82.6	100	98.25	104.5	109.67	112.11	111.9	115.17	125.64
69.85	75.67	87.09	91	93.5	87.5	83	80.25	93	96.5	101.55	103.29	108	113.75	114.23	123.71
78.35	85.46	92.25	98.83	98	91	78.33	82.8	100.63	104	105.67	111.09	114.33	114	117	125.25
80.76	87.75	93.82	99.62	96.13	91.29	76.67	84.25	98.41	105	107.64	110.3	112.33	116.91	118	125.63
77.64	87.5	92.92	99.4	98.4	95.57	78.5	87.67	97.87	101.83	107.54	112.3	115.9	119.9	119.8	126.67
64.63	81	92.07	98	97.45	89.3	87.33	96.2	101.33	98.71	108.94	111.8	115.5	118.17	119	126.54
76.5	86.63	95.08	99.08	99.88	100.75	90.67	101.25	94.2	101.44	108.29	111.92	114.56	120	119.71	128.22
78.59	89.3	96.65	101.15	102.3	102.44	107	113.33	94.5	100.45	107.93	112.31	114.67	118.25	125.43	129.5
81.15	91.6	101.07	103.3	103	106.33	103	113.33	97.85	103.4	111.86	114.45	116.71	119.85	118	126.2
81.23	89.67	100.53	105.73	105.14	102.86	107.67	107	100.15	105.67	111.57	114.7	117	123.36	124.8	130.56
97.2	102.42	101.47	100.33	110.5	107.43	109	105.5	89.25	104.9	113.73	116.67	120.33	124.5	127	131.67
102.38	109.91	113.56	116.64	115.89	112.11	111.25	113.83	130.18	128.83	129.63	128.67	127.63	132.92	130	137.9
110.13	114.42	121.13	120.45	118	116.6	118.2	118.29	146.8	140.6	148.29	140.11	137	147.7	155.4	150.7
108.85	126.13	124.3	124.63	125.17	126.43	122.5	123.75	144.8	148.14	145.8	150	157	155.56	151.4	150.83
97.2	112.17	118.86	123.13	122.67	115.71	123.6	120	124.07	136.17	140.69	145.14	147.6	151.67	160.57	162.78
85.78	105.18	116.42	123.56	132.17	119.5	110.75	112	114.44	122.08	138.64	141.78	156.29	154.91	160	164.91
79	97.75	109.64	115.33	122.83	117.11	109.6	112.86	101.93	114.92	134	137.73	146.63	152.42	157.67	164.09
85.25	98.77	111.19	119.73	123.9	119.5	106	108.67	104.93	116.64	129.87	138.09	143.5	150.92	159.25	166.63
86.47	99.13	113.76	118.9	123.63	124	106.5	120	106.21	116.57	129.38	135.18	142.4	149	154.17	162.8
97.4	102.71	116.76	125	126.6	125.85	115.5	122.43	115.33	121.86	133.65	140.29	146	151.94	155.75	162.18
94.38	103.71	121.17	126.62	128.56	125.82	118	118.86	119	121.53	136.19	139.92	146.2	152.93	158.57	165.73
97.4	108.36	121.73	128.4	131.57	126.11	109.67	119.67	117.07	125	135.75	136.75	143.14	153.83	160.43	164.18
100.53	114.44	126	132.54	130.7	126.33	119.33	117.71	118.67	131.46	137.33	145.3	143.44	156.82	158.75	164.9
105.25	117.75	130.53	136.33	136.82	137	110.67	120.75	120.64	131.6	140.13	147.92	150.78	157.23	160.71	167.1
110.62	118.33	131.16	138.4	136.44	134.36	118.5	121	128.78	130.63	142.5	148.27	147.14	157.33	161.43	167
108.87	116.86	131.24	139.67	139.5	134.92	121.14	122.67	131.64	128.93	145.21	150	148.38	158.15	160.78	165.91
109.74	120.94	132.17	139.36	141.1	134.67	124	126	128.88	135.21	145.67	151.17	152.56	159.44	161.88	167
115.83	127.17	138.44	142.4	143.2	143.2	128.5	140.33	135.25	143.2	150.62	157.38	157.33	163.42	163.33	170.44
112	124.45	133.27	138.08	141.9	144.45	129.5	142.67	128.13	142.5	148.07	153.45	155	159.53	165.5	169.91
107.12	118.75	130.63	137	140.8	139.25	129	136.71	123.21	136.38	144.69	151.36	155.11	159.93	164.63	167.5
87.67	103.8	125.07	131	136.33	139.85	127	140.17	109.44	116.25	136.33	143.8	148.4	156.93	162.57	168.7
97.85	109.85	122.13	129.27	135.1	141.73	131.8	149.6	110.92	125.78	136.17	141.89	147.44	157.42	163	171.71
102.31	114.73	129.13	135	139.83	143.75	136.83	147.14	120.25	126.71	142.21	148.56	151.73	159.23	162.57	170
102.82	116.14	133.06	137.8	141.2	147.45	141.67	149.75	119.85	130	144	150.78	153.11	159	164	168.56
89.27	104.8	123.62	130.89	136.11	145.3	140.17	150.38	111.27	116.18	135.17	141.33	148.22	157.67	162.75	170
72.78	85.27	110.88	123.29	131.55	144.23	139.29	149.9	92.18	100.57	122.31	132.42	143.4	157.69	162.43	169.44
70.93	83.27	108.54	120.54	128.8	138.22	139.33	149.25	90.07	105.5	125.36	132.5	142.2	153.33	162.29	167.22
62.78	79.56	103.44	116.5	124.73	138	139.29	148.56	82.47	99	116.53	127.57	139.1	153.08	162.13	166.89
63.06	86	106.92	119.08	130.13	136.5	145	153.29	82.33	103.17	119	130.64	140.13	150.73	160.71	167.3
72.62	92.58	114.79	125.36	131.78	138	143.43	151.11	100.5	108.45	127.82	138.45	144.89	154.69	163.75	171
84	99.2	115.69	125.42	131.22	139.91	142.83	150.43	104.17	112.07	126.38	136.18	141.75	156.73	164.25	169.5
93.53	104.45	120.86	131.2	135.67	138.78	145.4	153.14	113.27	117.36	134.23	140.3	143.78	154.92	164.38	171
91.61	100	121.76	132.73	137	139.3	145.67	152.38	109.41	116.25	136	143.27	146.89	156.42	164	170
82.44	98.13	119.53	131.73	138.22	138.11	145.75	153	98.93	115	134.08	141.3	147.38	154.73	161.86	168.38
70.71	84.8	115.83	126.4	134.22	137.44	140.83	149.14	99.5	101.11	127.2	136	144.13	153.2	161.14	167.5
75.5	90.14	108.25	119.91	128.5	133.42	139.33	152.22	99.33	108.5	125.31	134.36	136.57	151	161.63	169.4
83.57	111	118.07	126.17	132.11	137.22	139.6	147.83	105	118.75	131.46	136.08	144	152.82	159.63	168
91.21	108.83	123.13	129.75	131.25	137.33	139.86	151.63	108.25	120.5	133.4	139.92	144.88	153.14	159.1	168.33
90	110.71	123	130.7	130.13	139.18	135.75	148.5	110.06	124	134.33	140.73	145.78	152.79	159	168.36
68.64	81.7	105.7	118.14	130.17	138.67	139.25	150.57	85.87	103	120	134.22	104.29	153	159.38	167.78
71.53	92.57	104.63	115	126.67	136.7	137.25	142.63	93.8	107.15	121.94	129.1	142.43	154.5	158.71	167.9
87.11	101.13	115.93	124.92	129.1	135.11	135.6	141.86	103.73	113.8	128.67	136.92	145.25	153.64	158	168.22
88.06	104.1	117.81	126.08	129	136.09	135.5	147.83	104.73	115.88	128.67	136.23	142.44	153.17	158.17	168.57
74.31	103.17	106.77	121.78	126.86	136.9	138.33	145.8	95.73	114	120.86	132.2	141.63	152.82	158	167.63
63.78	89.13	105.5	118.18	124.63	136	138.75	141.43	89.22	104.33	116.81	126.75	140.78	153.54	157.29	166
69.58	91.14	108.5	119	127.56	132.3	135	143	94.2	108.79	122.08	130.45	142.89	150.31	155.75	164.22
78.94	96.33	113.4	122.33	131.75	138.7	137.4	142.29	95.2	110.25	123.93	132.33	145.25	152.54	156.88	164.6
78.5	96.89	113.06	120.08	134.18	139.57	140.14	145.11	94.72	109.43	122.47	130.93	146.25	153.72	158.55	166.38
83.31	98.75	115.35	121.91	136.78	138.91	141.5	146.38	107.08	103.25	123.33	133.08	145.88	153.5	158.88	166
88.22	101.81	116.35	130.08	138.56	138.62	138.83	143.38	101.94	112.85	127.5	141.92	147.67	154.31	159.33	167.55
89.5	106.13	118.44	131.54	140.67	140.18	138.2	143.57	102.13	115.43	128.13	141	149.33	153.23	159.13	166.8
95.45	107.15	121.31	132.64	138.14	140.71	141.67	142.5	110.59	118.67	131.11	142.27	149.46	154.69	158.9	164.86
97.67	110.29	125.06	135.55	142.5	144.18	142.4	145.14	118.53	124.38	137.8	146.45	154.56	159.86	162.25	167.7
91.88	113.58	127.53	138.4	144.67	143.4	138.83	145.14	124.5	127	138.23	149.78	156	156.92	161.78	167.7
96.8	115	130.93	141.64	145.5	140.56	140.8	144.83	118.27	126.92	141.55	150	155.75	157.3	161.75	167.75
84	108.92	128.38	144.3	148.13	141.78	142.17	143.33	108.8	123.8	140.82	153.22	156.88	158.18	160.22	166.1
89	114.71	130.83	139.42	145.2	146.9	148	151.6	112.21	123.57	141.92	150.18	153.82	159.17	164.86	169.38
95.86	109.6	129.25	140.54	144.11	142.78	138.75	147.33	115.67	124.2	141.67	149.3	153.4	159.33	164.71	168.5
84.57	116.4	127.21	136.42	141.11	146.44	142.33	149	112.75	126.5	140.86	149.5	154.44	160.5	164.4	168.33
82.9	110.67	115.5	128.4	132.86	140.43	136.5	145.8	105.77	123	129.5	139.33	147.71	156.14	160.2	168.86
53.85	94.33	103.4	118.33	125.7	132.33	130.4	140.25	81.92	109.5	114.07	130	138.22	154.78	162.67	170.22
53.44	87.71	104.47	119.36	128.7	135.88	133.75	150.4	78.86	101	114.86	126.67	139.27	154.78	164.8	172.86
88.43	108	118.14	130.15	136.6	144.92	137.67	145.4	109.62	118.4	130.36	140.45	150.7	164.5	172.17	178.29
103.17	111.3	129	134.42	140.64	146.92	141.83	145.43	124.06	128	139.5	145.6	157.8	171.91	179.29	184.56
122.87	120.5	139.43	146.82	147.8	153.75	143.83	151.38	148.27	139.43	154.38	158.89	167.44	179.17	182.57	189.1
99.17	119.25	138.07	146.08	150.64	154.77	150	152.57	138.33	137.14	153.36	158.45	165.4	174.19	180.88	187.33
100.31	121.64	134.69	143.5	148.73	156.25	153.2	161.17	126.86	129.91	148.2	155.64	162.2	175.64	181.17	188.38
110.31	130.55	141.07	150.64	156	161	155.33	164	126.33	136.67	149.64	163	169	178	180.8	209.25
124.33	133	154.56	155.82	159.42	160.86	152.75	164.5	152.54	151.56	172.79	170.18	175.18	183.86	182.86	195.56
131.33	132.4	155.05	158.15	164	167.75	157.67	162.88	164.2	161	175	176.42	180.83	186.5	182	194.33
121.78	143.31	159.54	163	169.22	170.36	166.71	172	155.88	166.5	175.62	177.44	179	181	184.17	189.6
136.73	153.27	161.14	166.11	173.25	174.09	159	169.5	169.38	167	179.82	180.5	182.25	190.2	187.4	197.5
183.85	193.18	191.62	193	192.89	186.33	170.5	172	247.5	230	226.64	232.43	228.43	205	213.25	205.5
179.29	170.33	183.87	182.18	185.3	185.73	165.5	170.33	245.67	221.43	217.55	216.13	215.5	209.5	221	207.86
171.6	174.29	186.15	184.71	182.25	180.67	177.6	177.2	263.17	242	226	213.83	210.71	205	214	174.29
125.56	142.4	175.15	178.3	182.5	178.33	172.4	177.4	198.43	192.29	201.8	204.11	205.78	202.25	206	200.67
102.94	120.67	146.5	160.38	166.92	172.69	175.29	179.89	157.43	162.21	177.67	191.64	194	199.17	206.43	211
106.37	126.63	150.94	161.08	167.33	173.3	169.17	176.67	144.69	151.71	171.69	179.73	186.67	195	199.71	205.11
124.76	147.64	158.93	168	175.09	175.92	170.8	177	162.53	176.78	177.21	181.55	185.6	191.92	198.17	200.2
84.06	114.4	138.56	155.82	162.82	165.83	167.33	171.13	109.24	135.32	157.27	168.18	178	183.75	194.86	198.8
54.37	75.27	117	135.31	144	153.67	156.83	163.5	98.75	98	142.62	155.67	163.7	181.78	192.5	198.43
78.77	95.63	122.59	137.36	147.1	152.91	147.75	156.33	108.33	118.08	147.29	161.91	167.22	177.55	189.8	196.5
101.94	118.69	132.89	146.62	154.73	161.23	161.17	166.29	123	132.77	145.53	162.62	168.73	179.46	186.75	193.56
97.42	116.33	134.19	143.5	152.17	161.62	163	167.29	120.93	131.73	152.36	158.77	166.73	179.67	189.5	194.22
98	120.14	133.87	146.08	154.7	162	160.6	164.4	122.92	144.83	151.45	161.5	170	180.25	191.67	195.57
93.75	110.85	134.27	148.77	154.11	160.67	160.6	162.9	125.5	126.11	148.17	161.2	168.22	180.33	191.5	195.86
96.36	121.33	138.31	148.73	157.11	163.78	160	162.5	126.36	135	153.73	164	170.1	181.11	191.8	197
95.5	119.3	136.69	144.5	151.9	158.22	159	158	120.45	137.11	149.91	158.22	165.56	174.67	184	190
94.69	118.7	135.06	146.08	154.36	160.18	159.83	163.14	121.64	134.78	147.85	157.18	166.1	175.18	187	191.44
96.53	117.71	134.12	144.46	152.08	159	159	167	119.79	136.43	146.47	156.15	164.42	173.92	184	190
90	110.57	133.6	141.75	147.36	155.92	157.33	163.86	125.71	124.46	146.79	154.33	160.73	172	181	188.44
84.69	110.92	131.93	140.33	147.5	155.92	159.83	162.86	111.21	129	144.67	152.33	161.3	172.92	182.33	188.29
93.73	115.13	129.92	139.55	147.45	155.08	156	160.57	116.87	130.86	142.64	150.75	159.08	170.5	185	187.25
88.53	107	127.54	138.67	146.83	151.91	154.17	157.5	114.86	128.29	140.75	151.62	161.92	170.27	181.86	187
80.47	101.75	125.72	137.36	144.46	151.57	154.83	158.14	106.93	125.75	139.13	148.86	159.77	168.86	181	186.4
72.78	92.82	125	135.67	142.6	151.1	156	161.2	109.67	107.45	136.5	145.67	154.5	168.09	183.75	188.83
81.69	105.13	127.82	136.57	145.92	153.62	155	160.17	109.06	123.08	141.4	149.93	160.46	170.92	180.5	187.9
100.29	116.88	132.79	141.33	147.87	154.8	156.67	160.71	121.18	131.27	146.06	155.13	161.07	169.6	181.86	189.8
121.88	130.09	145.37	146.42	154.3	160.17	157.2	164.29	157.87	156.11	167.27	163.91	170.8	181.83	185	191.2
102.95	123.5	134.95	143.44	149	155.87	156.5	162.71	150.87	127.89	169.47	215.82	213.4	201.25	210.83	187.1
85.25	96.69	128.5	139.13	147.17	154.64	154.6	162	126.43	116.25	142.31	153.25	163.67	171.92	186	188.67
89.64	107.36	129	139.91	147.5	153.27	156	163.67	114.2	126.08	141.53	152.64	162.1	170.64	188.25	191.88
73.63	110.85	131.07	138.36	143.44	150	148.67	159.6	117.44	128.62	142.07	150.91	160.33	168.45	181.5	187
97.38	111.86	132.88	143.23	149.45	154.55	154.8	157.6	123.46	136.71	147.5	157.08	166.18	172.25	179.33	186.38
98.14	94	128.33	139.67	147.7	155.3	159.75	163	128.5	117.54	141.46	153.18	162.09	171.8	182.83	189
96.25	101.2	131.33	141.64	147.55	154.36	157	163.8	120	117.04	142.57	153.14	161.55	170.08	183.4	188.43
103.29	126.85	138	147.21	154.27	160.36	157.33	164.5	132.33	141.67	149.71	158.27	165.64	172.91	186.25	188.8
97.25	116	133.86	143.08	150	156.64	155	161.25	120.71	135	144.4	155.08	162.33	171.67	181.2	187.86
94.72	112.57	130	138.86	144.55	151	144.33	156	112.19	127.33	141	152.62	157.4	166.75	177.5	185.86
87.67	98	125.71	139.45	145.89	152.3	138.5	154.67	118.89	112.6	137.92	151.09	158.56	168.27	176.8	184
93.36	107.13	127.71	139.82	146.27	152.91	136	153	117.21	121.63	137.69	150.5	157.82	166.83	175.25	183.67
94.7	114.54	131.76	141.23	146.91	152.42	135.5	152.33	112.41	126.92	140.27	151	157.09	165.54	174.5	183
69.69	105.83	127.29	138.75	144.5	150.2	136	149.67	94.12	121.4	137.13	147.69	156.1	163.3	173.5	179.83
75.82	99.75	123.88	137.5	143.36	149	138.5	144	100.56	121.25	133.41	147.14	153.55	162.83	170.75	181.17
85.71	82.15	119.83	133.7	140.88	150.13	138	154.5	104.29	99.64	129.31	142.73	150.44	161.36	168	179.33
78.21	86.57	120.24	129.5	137	146.27	136.5	149.67	101.67	105.67	129.36	140.5	146.91	158.62	167	177.67
89.89	102.92	123.64	131.67	139.3	145.33	141.25	149.2	105.29	115.92	133.5	142.83	150	152.91	163.8	177.13
111.64	115.63	126.85	134.55	139.9	145.63	139.5	144	121.31	126	136.62	144.73	150.3	158.3	161.5	176.17
116.67	108	127.91	135	140	145	136.67	146	130.83	125	138.33	144.75	151.29	160	162	179.4
84	93.77	123.57	132.75	138.64	143.33	133	150.33	108	108.17	133.75	141.58	148	157.5	160.33	176.2
85.75	96	124.57	134	138.63	145.43	134.33	146.25	107.36	118.42	135.92	143.17	149.63	158.7	162.33	176.29
83.85	102.78	123.71	132.3	136.78	142.13	136	140.33	106.5	120.75	133.54	142.5	147.89	157	158.5	174.83
79	91.14	115.5	126.92	130.67	138.67	132	135	98.67	117.83	127.07	137.54	142.44	152.17	155.75	170.88
68.14	95.2	109.31	121.33	128.67	135.29	127.33	130	84.8	115.6	121.79	135.33	141.14	148.5	148	163.33
77.5	87	108.62	120.6	124.25	133.5	125	125.5	105.83	103.2	124.08	133.91	139.13	148.36	148	157.14
77	87.63	108.67	115.45	121.55	126.75	118.33	120.33	101.92	102.73	120.6	130.67	134.83	146.08	150.2	159.71
74.79	93.94	109.75	114.64	119.38	121.67	109	110	99.69	106.4	118.82	128.1	133	139.4	146.8	153.29
61.33	75.8	92.53	103.79	104.73	102.25	113	115	87.19	89	102.87	114.93	118.23	127.54	144	151.75
45.46	76.6	80.62	91.22	94.33	92.5	114	116.33	74.58	99.25	104.18	115.1	124.1	133.11	142.25	151.6
35	43.9	70	84.33	90.38	98.83	119.5	123	54	62.44	84.58	100.5	109.2	120.2	129.8	144.67
36.25	49.36	68.31	83.25	87.75	92.44	103	106	61.82	70.2	86.25	98.89	109.89	118.45	128.2	142
64.31	72.2	84.82	92.11	95.78	98.86	97.67	100.33	86.92	92	99.33	107	112.1	121.6	132.8	144.17
87.79	75	89	93.2	97.44	98.14	89	91.67	115.71	101.71	106.83	111.75	114.6	124	133.67	144.83
80.41	73.5	89.43	95	98.9	99.88	86.67	88.67	108.25	96.57	106.57	112.67	115.75	124.09	131.33	143.17
77.5	59	78.82	90.75	94.5	98.14	87.33	89.67	99.2	80.45	97.45	111.55	114.2	122.5	132.4	142.6
45.88	46.55	69.75	86.1	96.22	99.33	87.33	88.33	75.5	75	90.9	106	113.8	121.88	131.6	140.6
32.33	47.11	66.38	82.71	91.89	93.25	76	76.5	55.71	69.2	88.2	101.56	110.9	118.6	128.83	135.2
46.54	53.43	56.2	76	84.89	88.86	80.33	85	69.5	74.86	78.36	91.18	101.3	114.89	128.17	135.5
83.67	60	71.83	87.55	94.13	94.33	78.33	83.33	107.23	87	99.17	109.09	113.78	121.13	127.83	134.83
141.86	52	56.75	88.33	84.17	88.6	71.5	74	149.86	83.8	88	106	108.86	120.14	128.4	133.6
46.79	50.38	66.36	83.82	92.67	99	78.33	83.33	75.64	86	88.33	102.18	110.5	121.82	126.8	136.33
27.69	44.75	58.82	78.9	88.63	98.5	78.33	82.33	55.54	80	78.18	95.3	109.38	120.71	123	132.4
26.54	41.75	56.36	71.7	81	90.67	71.5	73.5	50.07	65	76.08	89.5	100.22	114.57	122.6	131.6
27.79	38.17	50	67.38	78.43	88.14	75.33	79.33	53.86	57.4	69.8	81.4	94.56	111.25	121.4	127.57
43.54	56.57	66.75	77.3	86.89	91.57	76	70	81.42	79.5	89.25	95.64	106.6	116.38	123.4	125
94.46	70	75.31	78	84.56	92.57	77	79	121.15	90.25	93.23	94.44	104.22	117	119.75	128.6
92	54.7	72.36	77.56	82.5	86.2	71	72	110.83	70.5	84.64	93.36	99.44	113.29	118	126.8
85.18	73.78	75.75	85.33	87.86	88.2	89	79	118	94.11	94.73	103.5	108.13	118.43	124.17	131.67
82.69	78.84	78.67	85.56	89.38	93.63	93.5	81.33	111.08	102.43	96.3	102.56	110.38	116.86	123.25	130.5
60	66	74.69	80	85.25	90.29	96.33	73	81.93	91.2	91.57	96	105.5	112.63	123	127.5
35	49.25	59.29	70.85	78.45	87	80.5	69	53.79	75.5	74.77	86	97.6	109.13	119.25	125
50.33	49.46	62.77	73.25	80.6	88	72.5	67	75.7	75.45	78.33	87.18	98.9	107	120	126.25
41.15	51.92	64.71	73.92	78.9	86.38	75.67	75.67	68.69	73.8	79.85	88.17	96.4	106.4	117.5	125
45.43	54.5	64.36	74.18	80	85.43	76.67	78.67	69.43	76.4	77.77	85.18	97.22	106.56	117.25	126.6
29.08	46.33	57.62	69.45	75.78	84.63	82.75	87	52.31	68.6	72.83	82.64	93.4	103.7	112.67	121.33
28.08	44	57.25	66.42	73.64	81.25	79	82.33	47.57	61.33	68.38	78.36	87.36	100.11	105.25	118
22.57	24.3	48.67	59.55	70.3	80.57	78	80.67	40	39.11	59.82	71.91	81.8	98	101	117.4
16.82	24.38	43.23	55.18	63.3	73.13	76.67	79.33	36.5	37.5	55.58	66.82	75.5	87.56	92.75	114.4
14.7	23.2	40.21	50.67	59.11	64.86	66	68.33	30.5	35.8	51.57	61.67	70.3	79.78	89.6	118.43
13.93	22.43	36.62	45.18	52.8	58.63	50	50.5	26.93	34	47.5	54.75	64.11	76.11	84.5	103.5
13.41	18.2	32.78	43.11	50.29	55	42	44	26.64	34	44.25	53	61.71	69.57	83	96.25
14.17	16	32	39.67	46.86	48.75	51	55	26.43	26.29	44.5	50.67	57.86	68.33	79.67	103.25
13.75	17.3	29.18	38.91	45.56	50.5	48	51	28.09	30.82	42	49.91	56.67	66.43	78.25	100.2
10.13	17.11	27.55	35.7	42.11	49	42.5	44	20.93	27.89	36.82	45.42	52.78	63.11	73	85
11.5	16.83	25.86	35.18	42.8	49.1	44.67	47	22.19	28.57	36.36	45.77	53.91	64.91	77.4	94.83
15.92	21.67	27.73	36.18	42.14	48	46	48.5	26.54	34.75	37.3	45.9	52.75	62.63	69.67	93.5
23.4	21.89	30.93	39.38	44.56	49.5	42.33	44.67	34.6	33.56	40.08	48.25	55.11	63.22	68	88.8
27.83	28.57	34.9	40.9	42.86	49.5	36.5	37.5	40.92	39.67	45.5	51	55.63	66.44	69.5	83
41.38	37.29	40.73	44.75	47.63	50.14	40.33	43.67	57.15	56	56.64	59.67	64.11	69.89	75.4	90.17
29.2	34.6	37.5	39.91	42.11	47.13	45.25	43	40.94	47.75	47.77	51.91	55	62.78	69.4	86
14.43	17.75	27.9	34.44	37.25	42.71	43	44	27.43	25.43	36.4	44.44	50.13	57.88	65.25	82.8
10.38	17.27	25.54	33.17	40.67	44.5	35.5	36	20.85	25.9	34.5	43.55	52.44	58.67	62.75	68
7.33	16	23.55	32.63	40.14	44.57	39.33	42.33	18.33	25.43	31.3	42.38	51.5	58.63	62	75.6
9.12	17.43	21.36	28.67	34.9	40	40.67	43	17.6	25.17	29.85	37.76	46.5	57.78	63.75	76.4
18.4	25.17	32.7	35.63	41.29	33.5	35	43	42.71	25.8	36.75	43.1	50.38	59.67	68	75
34.85	45.44	30.8	39.25	39	42	33.67	35.67	61.38	76.44	50.7	53.25	55.71	62.43	66.75	77.6
41.81	47.25	38.7	42.22	43.13	47.63	35.67	37.83	70.25	74	54.33	55.63	60.75	67.78	69.75	77.8
34.14	39.4	40.58	44.67	43.5	46.14	27	43.5	60.71	56.13	50.62	57.33	59.33	66.22	77	80.8
35.88	39.29	45.56	46.3	45	49.63	33.5	36	57.13	62.5	59.85	60	61.38	67.8	71	78
68.33	35.67	55.69	55.3	51	51.57	33.5	36	93.38	61	74.3	72.88	73.14	73.83	73.33	81.25
120.07	60.86	65.91	64.82	61.29	57	33.5	49	149.45	87.29	87.33	82.38	87.67	79	72	79
64.29	65.63	58.91	59.56	58.13	54.33	49	52.33	90.15	84.86	82.78	78.43	82.43	79	76.75	83
45	57	59.5	63	60.5	64.67	51.5	61.33	67.33	75.33	78	80.8	80.57	86.5	80	87.8
76.88	55.2	66.54	66.7	62.29	64.29	28	52	104.73	76.25	87.8	89.13	91.5	95	89.33	94.25
84.42	42.5	71.33	70.78	67.38	72.78	28	52	114.64	67.5	89.73	90.75	92.67	98.75	81	90
96.91	90.57	79.7	76.9	74	75.71	44	56.33	134.63	126.71	97.11	98.11	96.33	99.57	98.67	99.8
131.62	105	97.5	93.1	81.71	85.13	28	56	167.54	132.25	121.33	118.67	108.33	112.25	110.33	111.25
126.1	89.33	93.55	90	82.83	90.83	44	46	165.67	114.8	130.2	121.5	114.2	120.17	108.5	108.33
58.2	46.75	70.8	75.5	70.4	79.29	28	56	85.27	82	95.22	99.71	98	103.71	82	92.5
21.24	36.5	43.08	48.36	53.5	62.75	54	53.5	47.92	63.5	63.8	68.56	76.13	85.33	91	96
15.43	15.57	36.6	43.71	50.33	61.5	60	60	36.11	32.33	52.11	59	65.83	81.86	89	92
15.07	23.43	40.9	43.71	48.83	53	51	55.67	33.89	41.6	60.5	63.33	69.33	77.29	93.6	99.8
43.68	46.5	48.13	53.13	51.4	55.2	51	52.33	77.4	81	68.57	79.86	78.4	86.17	90.25	96.4
97.75	62.17	61.73	63.29	64.71	68.57	49	48.5	132.3	88	87.2	89.57	92	97.63	99	101.75
77.75	50.67	50.78	58	59.33	60.8	56	57.33	110.5	76.33	73	78.86	82.83	91	97.5	98.8
105.61	95.33	64.67	65.57	68.83	65.83	60	62.33	146.44	130.88	85.88	88.14	93.33	100.43	105.25	107.4
61.07	76.71	62.2	56.67	61.5	68.14	55.67	59	86.92	107.67	87.45	81.33	87.83	97.13	106.75	107.2
46.58	47	54.89	61.29	64.5	68.67	56	60	73.71	74.8	78.44	84	89.83	98.29	106.25	108.6
34.79	35.25	51.78	59.86	62.4	68	54.33	56.67	62.31	69	74.18	79.71	87	97.25	103.33	103.25
47.28	32.33	57.25	64.2	67.43	74.75	54.33	56.67	72.57	65.67	78.1	87.11	90.86	100.5	107	107.2
46.97	44.5	57.11	64.78	68.14	74.63	54.67	56.33	76	82.29	80.75	86.75	92.14	101.63	106.75	106.8
40.1	38.5	57	65.13	68.67	76.57	63	61.67	72.3	71.67	78.63	85.63	93.5	102.14	105.25	103.8
63.25	58.25	62.11	69.78	73.29	80.33	70	72	106.33	89.5	82.56	88.67	95.29	101.67	106.5	109.8
59.52	49	64.89	69.88	74.71	83	70	72	93.83	81.25	83.5	91	94.71	104.89	109	112.4
54.46	46.33	64.1	70.78	76.5	84.11	73.33	72	85.64	80	82.89	91	97	105.5	109.5	110.6
56.78	59	64.4	71.44	78.75	86.67	73.67	72.33	76.67	89.29	82	91.13	97.71	107	108.25	109.4
65	55	68.75	73.57	80.71	88.57	80	77.5	87.6	77.5	84.38	90	95.83	105	105	105
65	55	68.75	73.57	80.71	88.57	80	77.5	153.43	97.75	105.3	100	104.57	110.56	111.5	113.2
103.88	71.67	74.5	75.75	80.29	84.75	74	72.67	141.43	111	94	95.63	101.29	107.63	112.75	110.83
77.16	53	68	74.13	77.29	83.25	75.33	74	114	86.33	88.75	95	98	105.38	111.75	111
44.7	48.13	66.27	72.33	77.19	85.11	74	80	80	79.29	85.63	90.88	95.86	100.25	112.75	111.8
45	49.17	69.6	74.38	79.75	86.38	76.5	86.67	73.45	76.6	88.22	93.14	99.14	107.29	118	117.5
67.43	69.83	73.7	78	83	87.56	75.67	81	99.92	103	95.63	101.57	106.29	109.63	114.25	113.4
51.07	59.67	72.08	79.14	83.43	87.88	84	87.5	80.54	95.33	91.11	98.5	103	108.43	116.25	116.2
51.19	55	68.18	76	80.22	87.22	80.67	87	79.13	83.5	87.4	94.1	99.11	109.67	115	113.67
49.11	43.55	65.58	73.78	78	86.67	80.67	87	81.22	72.38	83.73	93.75	100.5	108.89	114.25	113.5
43.12	44.71	64.92	74.4	81.22	86.89	80.67	87	76.85	75.83	83.91	93.11	99.5	109.78	116.75	114.5
60.4	60.8	67.38	76.67	82.88	89.13	81	85	91.38	99	89.1	97.38	103	112.57	118	116.4
92.2	78.33	75.08	79.25	84.57	89.57	84.33	83.33	123.69	115.33	92.9	100	108	117	121.5	120.2
124.27	70	87.38	85.67	87.4	92.5	81.5	91.67	160	121	105.4	108.4	114	120.4	126	123.75
186.4	71.5	87	79	86	90.5	89	90	372.25	125.5	109.5	114	124	131.5	134	141
0	0	0	0	0	0	0	0	122.5	151	112.33	118.33	125	131.67	138.5	146
108.4	93.33	95.2	84.33	88.33	89.33	85	87	114.5	134	115	119.67	127.33	132.33	140	150
86.88	72.67	87.83	73.25	77.5	83.5	85	87	132	127	109	113.5	120	129.25	142	149
75.71	48.5	79.71	82	77	82.5	83	85	130	122	108.75	112.5	119	129.5	143.5	148.5
71.6	43.75	80.17	74.33	80	86.67	88	90	133.25	97	107.75	121.33	131	138	157	162
58	48.25	70.17	70.5	76.25	80.25	85	90	96.63	109	108.5	117.25	124.5	134	157	162
56.5	39	65.25	63.67	70.33	78.33	83	89	92.78	109	114.33	120.67	125.67	135.33	157	162
56.44	47	65.67	71.33	78.33	84.33	83	89	99.75	133	120	123.67	129	136.67	156	162
51.3	40	70.38	80.6	78.5	84.8	82	92	84.44	113.5	105.6	117	125.25	133	155	161
30	48	59.71	72.4	72.25	78.5	82	89	70.63	84	97.2	113.25	121.5	126.25	155	161
44.62	44	61.4	70.5	71	80	82	89	75.25	83.25	99.25	111.75	126.67	125.25	154	160
43.21	42.33	62.17	72.4	71.67	77.5	83	90	71.25	99	107.2	112	128	123.75	155	161
38.33	41.33	59.2	67.75	72.67	79	83	90	74.5	97.5	105	106.25	120	122	154	160
30	29.29	59.17	66.5	72.33	78.5	84	90	63.13	63.33	96.75	102.75	113.67	121	154	160
38.33	39.2	69.17	78.6	81.33	85.25	88	90	71.67	69.25	98.75	106.5	121.67	123.75	152	160
38.33	44.75	65.2	75.75	77	87	88	90	63.8	78	95.33	105	116.67	129.33	153	160
40.92	46.67	64	72	76.67	80.67	88	90	66.77	95	96	110.33	118.33	133.33	153	160
43.33	43.33	67.29	80	78	85	92.5	95	67.5	110	106	111.25	123.67	133.33	154	160
42.78	31.17	53.33	63.6	72.25	77.4	92.5	95	65.27	73	94.5	104.5	117	122.25	154	160
35	38.4	59.33	72.33	79	83.5	92.5	95	65.23	69	97.25	115.67	124	123	154	145
36.82	39.25	62.43	71.67	79	83	92.5	93.33	59.23	78	94.8	115.67	125	121.5	154	143.33
36.63	48.4	64.57	75	80	89	93.5	96	60.8	84.67	99.75	115.33	125	132	154	160
41	46.5	61.8	71.25	80.33	90	93.5	96	64.23	91	106.33	107.25	125	153	154	160
37	42.8	60.8	69.6	77.75	87.75	93.5	96	60.33	80	106.67	114.67	125	133.33	154	160
39	43	62.5	70	79.5	89.5	93.5	96	64.55	71	107.5	115	123	131	154	160
40.42	49.2	65.2	75.33	85	94.33	95	97.5	61.77	85	107.33	113.67	123.67	132.67	154	160
37.77	44.5	61	74.33	83.67	99	95	97.5	59.57	89	105.33	114.33	123	132.67	153	160
33.08	42.33	61.17	72.33	79.67	89	95	97.5	55.73	86.33	97.5	112.33	120.33	129.67	154	160
26.04	26	59	67.75	81.33	87.33	95	97.5	46.09	57	91.8	110	118	128.33	154	160
31.34	42	58.83	64	70.25	91	95	97.5	51.15	77.5	86	98.25	105.25	127.33	154	160
24.5	35.25	52.6	70.25	75.25	85.5	94	97	47.77	76.33	93.33	103.33	111.33	123.33	154	145
24.23	49.5	54.83	64.5	69.25	80	90.5	94	41.79	82.5	87.5	101.67	112.33	122.33	149.5	157.5
20.67	44	48.83	63	69.25	78.25	83.5	87.5	39.31	85	79.25	94.5	109.67	120.33	143.5	154.5
17.5	28.33	45.83	56.83	64.5	73.75	84	87.5	36.64	57.67	78.25	91.25	105	117.33	142.5	153
17.27	29.67	47.5	59.2	69.33	76.67	83	87.5	34.7	53.67	77.25	88.5	102.67	115.33	142	153.5
16.38	26.8	45.33	57.6	66.67	71	82.5	86	32.85	49	72.5	87	100	111.67	142	153
16.73	31	42.83	57.8	66.33	70.67	82	85	34.55	59.5	69.75	87.25	99.33	110.67	140.5	150
14.5	37.5	48.6	60.5	71.5	75.5	82	85	32.67	66	81.67	93.33	112	122.5	139.5	149
13	19	45.5	56	62.33	67	80.5	82.5	28.5	45	73.75	86	100.67	114.67	139	148.5
17.92	24	44.33	57.4	63.67	65.33	80.5	83	34.62	55	70.2	84.5	98.67	110	138.5	148
14.82	24.4	43	57.4	64.33	71	80.5	83	32.58	54.5	70	84.25	98.33	111.67	138	148
14.75	23	42.57	57.67	65.75	69.25	80	82	31.09	53.75	69.8	83.75	98.67	111.33	138	145.5
12.06	16.17	42.88	56.4	65.67	69.33	80.5	82.5	28.78	30.5	66.33	82.75	99.33	111.67	138	145
13.26	20	38.57	55.6	65.33	67.67	80.5	82.5	29.73	43	66.2	82.75	99	112.33	138	145
11.12	19.57	37.57	54.6	66.33	66	80.5	82.5	29.09	43.33	65.2	81.75	98	111	138	145.5
17.3	23.5	39.43	58.4	66.67	69.33	79.5	82	35.73	54.2	66.4	83.5	100	112.67	138	145.5
15.17	23	38.63	55	63	65.25	79.5	82	32.92	55.25	63	79	91	105.75	138	146
12.08	20.5	34.29	50.83	58	63	80	82	28.69	58.33	64.83	78.2	88.5	101.25	138	146
10.46	19.4	30.5	53.6	58.25	62.75	80	82	26	35.67	58.5	77	88.5	102	136.5	145
11.35	19.67	30.29	42.5	45.63	48.75	56.67	58.67	24.95	35.17	51.67	61.6	67.75	76.25	76	80.75
11.7	22.4	32.83	48.2	54.67	62.67	80	82	26.09	49.25	58.5	71.8	86.67	102.33	122.5	130.5
11.45	13	32.86	48.5	56.5	67	80	82	25.63	30.83	61	72.6	82.5	98.5	131	142
10.89	19.67	34.5	47.6	61.33	69.5	80	82	26.5	45	66.6	79.75	94.67	117.5	136	145
13.31	21.43	35.43	49.83	59.25	62.67	87.5	87	31.08	44.5	62.83	75.4	88.75	106.67	137.5	145.5
15.07	21.67	31.71	47.33	53	62.25	87.5	87	32.09	44.4	59.57	72	81.25	98.5	137	145
9.8	19.33	31.14	44.33	53.25	61.25	88	87	24.91	42.4	57.71	70.8	80	98.25	135.5	143.5
10	11.56	28.14	43	56.33	63.67	87.5	87	31	24.22	56	67.2	91.67	107.67	134	141
9.09	19.86	31.86	45.67	57.25	59.67	87.5	87	23.58	42.17	58.5	70.6	88	97.67	134	140
11.36	20.86	34	46.67	58.25	61	87.5	87	26.75	44.5	58.5	70.8	88.75	99.33	133.5	139.5
12	19.17	30	46.6	57.33	61.67	87	86.5	27.5	42.4	57	71	88.33	103	132	140
13.91	22.75	30	47	59.25	68.75	87	86.5	28.17	56	57.67	71.8	85.75	103.5	132	140
23.38	25.13	36.43	52.5	62.5	70.25	87	86.5	49.38	46	66.17	77.4	90.75	107.25	132.5	140
18.08	23.17	35	50.8	61	66.33	87	86.5	35.38	49	66.6	79.5	94	108.33	132.5	140
16.67	25.6	35.6	54	63	70	87	86.5	32.27	49.6	66.2	80	92.5	107.5	133	140.5
24.89	35	40.17	55.4	65.25	73.25	87.5	87	45.7	62.27	69.2	84	96.25	109	135	141
19.08	33.75	39.67	54.8	67	74.25	87.5	87	37.15	61.33	67.4	82.5	93.75	108	136.5	141
64.7	44.88	45.6	57.6	71.75	85.2	87	63	91.67	72.5	78	90	100	115.25	138.5	143
16	28.6	38.67	51.6	61.4	69.2	87	86.5	35.83	51.4	65.83	76.8	88.8	103.2	139	144.5
16.58	25	37.29	52.5	62.4	69.8	87.5	87	35.38	51	65.5	76.4	86.8	102	139.5	145
13.55	24	33.86	49.83	58.2	68	87	86.5	30.42	48.75	63.67	75.8	92.25	108.5	139.5	145
12.55	22.5	32.57	47.5	57.17	67.17	77.33	77.67	26.42	45	60.83	73.6	87.8	102.6	139.5	145
12	18.4	29.57	46.5	53.67	63.33	77	77.33	24.08	39	57.33	70.8	83.6	100.4	139.5	144.5
9.5	11	26.14	44	53.8	63.4	76	73	21.25	19.75	54	73.5	88	103.75	139.5	144.5
12.36	23	32.14	47.5	56.17	64.83	75	73.33	23.58	39	57.17	72.6	85.8	100.8	137.5	142.5
13.67	24.25	30.71	45.83	54.17	63	75	73.33	25.92	44	56.67	70.6	84.8	98.8	138	142.5
11.66	12.44	31.57	45.5	54.5	65.5	75	73.33	25.8	25.56	57.33	70.4	85.6	100.6	137	141.5
15.2	22.33	32.5	48.83	58.83	66.5	78	76.67	30.82	46.6	59.5	75.6	88	101.8	136.5	141
19.91	25	39.67	53	61.6	69.2	78.33	78	37	49	64	82.75	93.75	106.5	135.5	141
17	25	40.29	49.83	59.17	66.4	80	79.67	33.17	53.22	62	78	89.2	103.25	135	141
17.17	21	34.88	50	58	64.67	78.33	78	32.33	51	61.43	78.2	88.2	101.6	135.5	140.5
22.5	21.67	32.83	53.4	60.2	65.4	80	80	45.83	41	65.4	83	91.75	103.25	135.5	140.5
18.3	26.4	46.8	56.4	64.5	67.5	88.5	87	41.36	48	72	83.6	93.75	102	136	140
33.75	28	41.6	59	67.4	72.6	81	79.33	57.92	60.75	82	89.8	105	117.25	136	140
62.17	38.25	54.6	65.25	72.25	74	81	81.67	92.8	83.67	93.25	111.67	121.33	130	139	142.5
63.77	54.33	52.25	69.6	74.75	76.5	82.33	84.67	99.91	94	95	119	128	135	138.5	143.5
60.83	64.67	53.25	75	77	78	84	84.67	109.67	106.2	97.33	120.25	129.67	136.67	140.5	145.5
50	51.5	49.33	65.5	69	68.5	84.33	84.67	80.57	112	82.67	128	130	140	142	145
16.25	32.33	34.8	54.67	61.33	65	78	77.67	40	86.5	77.25	118	126.5	139	143.5	145
11.4	19.17	30.17	49.75	56.25	63.33	78	77.67	33.8	39	61	90.33	100	129.5	141.3	142.5
17.25	23.6	31.17	47.2	55.75	62.4	79.33	80	39.83	52	63.6	83.5	96.67	105	139	142.5
15.3	22	31.8	50.75	58.25	63.5	78.33	79.33	36.45	55	66.75	88	98.33	105	136.5	142.5
14.15	20.8	33.5	48.2	55.75	62.6	78	79	31.46	54.5	62.4	82.5	97.67	97.5	135	141.5
12.13	14.13	30.4	45.5	54.5	62	76.33	77.33	35	34.56	66	86	96	101.67	132.5	139
11.45	21	31.5	45.5	54.5	63.25	78	79	26.64	45.6	62.8	86	94.33	101.67	130	139
14.08	22.6	33.67	46.5	54.5	63.5	68.33	70.67	32.45	52	65	87	96	101.67	125	131
17.67	22.4	34.5	46.75	55	62.8	68.33	70.67	35.09	53.75	67	86.67	96	96.25	122.67	127.67
25.82	27.5	36	45	52.5	61.25	66	68.33	46.25	57.5	71.5	84.33	95.67	101	120.67	123.67
15.5	18.83	35.5	42.25	50.75	58.75	63.33	66	32.67	42	68.6	81.67	95	101	117.33	123.67
12.5	16.43	33.14	43	51.4	59	64.67	67.33	27.42	39.17	60	73.75	88.75	94.5	115.67	123.67
12.1	15.5	33	40.4	47.6	56.6	63.33	66.33	26.1	41.67	55.75	68.5	82	92	115.67	123.33
11.08	15.8	29.29	40	48.6	55.8	63	65	25.08	40	52.67	65.5	77.5	87	112.33	119.67
13.43	17.33	28.14	40	49.67	55	63	65	28.08	43.33	55	66.25	76.2	87.33	110.67	118.67
9.37	10.43	30.14	38.83	46.5	53.33	63	62.5	23.25	24.14	49.2	63.5	75	85	110.67	118
10.86	17.57	28.71	39.6	47.2	55	63	65	25.22	33.83	52.17	63.25	75.5	86.75	110.67	118
19.62	21.2	31.67	42	49.8	58	63.33	66.67	39	43.25	58	66.25	75.25	87.5	110.67	118
33.77	27.4	35	44.67	51.67	60.33	66.33	68	58.23	60.75	59.17	67.8	77.2	87	110.67	118
21.14	24.6	34.83	43	50.6	58	63	66.67	40.31	58.25	63	71	78.25	89.5	110.67	118
12.33	15.22	30.17	41	48	57	64.67	66.67	33	30.89	54.6	66	72.5	88.25	110	114.67
13.38	18.57	30.33	40.2	47.8	56.2	64.33	66.33	27.27	40	54	64	71.25	85.75	110	113.33
14	17.83	29.17	39.8	46.2	55.6	63	65	29.09	42.8	54	63.5	71.25	85.25	110	114.33
32.46	21.4	33.67	39.8	46.2	56	64.67	66.67	54.55	51.75	57	65.5	71.25	85	111	114
35.69	25.8	38	44.17	50	56.5	65	68.33	60.42	58	62	69.4	75.67	87.67	110	113.33
16.29	13	27.14	39.6	46.8	55	61.67	66.33	31.67	29.88	52.17	66.75	73.25	87	110	113.67
10.67	14.43	26.29	39	47.4	55.6	63.33	66.33	27.08	36.17	52.5	64.4	72.75	83.25	110	113
13.5	15.8	28.29	39	48.2	55	62.33	64.67	29.08	44.5	53	63	70	83.25	110	113
8.93	18	26.57	38	45.17	53.33	64	66.33	24.08	44	50.83	58.4	66	80.2	110	113
8	15.6	25.83	37.6	43.8	51.6	62.33	64.67	23.17	42	50.83	59.4	67.5	80	109.33	113
6.86	8.17	22.5	35.5	42	51.75	65	67.5	16.17	21.4	43.33	55	61.67	73.33	109.5	114
8.2	13.14	28.29	39.17	46.5	53.67	62.33	64.67	21	32.5	47.5	59.4	66.8	79.6	109.67	113.67
9.27	14.6	23.57	37.5	43.75	49.25	60.67	63	25.6	41	46.17	62.33	66.67	81	108.33	113
7.27	16	23.14	39	43.4	51	60.67	63	20.91	47.33	49.17	61.75	67	80.75	108.33	113
6.08	11.75	22.43	36.33	42.83	50.33	60.67	63	18.42	39	47.17	55.4	64.6	78.6	108.33	113
6.2	7.75	18.33	35.5	40.75	45.5	58.33	60.67	30.67	21.75	45	59	66.67	76.5	101.25	108.5
6.9	10.88	20.83	35	43	49.4	46	47	21.2	28.63	46.67	55.4	64.4	76.4	105.5	110
12.36	11.25	17.75	31.67	40.67	46.33	58.33	60	25.91	39	53.33	63.5	75	84	105	110
13.23	16.25	22.17	34.8	40.8	45.75	57.67	59	27.15	44	46.8	55.5	66.25	78	105	110
28.36	18	25.67	35.4	41	45.4	57.67	59	50.85	49	51	56.75	65.5	73.25	105	110
18.5	13.13	21.83	32.6	38.2	43.4	56	57.33	37.57	33.67	50	56.75	64.25	71.25	105	110
13.62	17.38	25.37	35.2	39.6	44	57.67	59	30.73	37.14	50	56	63.75	70.5	105	110
42.91	24.33	28.6	38.33	41.67	44.67	61.5	63.5	66.83	56.67	54.8	59.67	65	71.67	105	110
47.69	28.33	35.83	42.6	43.2	46.8	46.5	46	72.14	60	62.6	63.75	66.75	74.5	102.5	107.5
42.5	35.22	33	41.6	44	47.8	46.5	46	61.71	62.86	58.33	65.5	68.75	75.5	101	106.5
24.27	28.26	33	40.67	44.4	48.2	46.5	46	46.25	51.17	61.2	66	69.5	75.5	100	105
40.77	30.75	35.5	41.75	45	48.5	46.5	46	63.23	59.33	66.33	70.67	75.33	79.67	100	105
24.85	27.75	34.17	40.6	44.4	47.6	47	46.5	47.5	60	58.8	65.75	70.25	76.25	100	105
18.31	21.5	30.8	38.4	41.8	45.4	44.5	46.5	38.79	53.33	55.5	63.25	66.5	73.25	100	105
34.75	32.8	36.6	41.4	44.8	47.4	47	46.5	58.38	62.2	59	64.5	68.5	74.25	100	105
43.11	39.57	36.4	41.4	44.8	47.6	47	46.5	68.7	74.67	63.5	68.75	73.75	78.75	100	105
42.45	36.5	41	45.6	50.4	54	50	46.5	65.17	68.67	67.25	73.25	78.5	85.5	100	105
32.85	32	37.76	45.5	48.5	53.83	50	46.5	59	72	63.42	68	75.8	82	100	105
27.36	33.75	40.25	46	48.25	51	50	46.5	49.25	68	71.33	77.67	79.33	85.67	100	105
12.5	15.43	30.5	42.8	46.6	49.2	50	46.5	35.86	31	58.8	68	74.25	80	100	105
16.45	18.33	30.83	39.6	46.2	50	47.5	44	42.31	48.4	57.6	66	75.25	81.75	100	105
33.15	18.8	33.83	39.2	44.4	48.4	47.5	44	56.38	49.25	58.8	65.25	72.75	79.75	100	105
51.21	20.67	40.33	45.6	50.25	52.6	50	46.5	72	63.5	67.2	74.5	81.67	85.5	100	105
55.57	26	48.83	50.6	53.5	56	50	54.33	79.23	68.5	71.2	77.75	82.5	88	100	103.33
58.33	51.25	52.4	51.5	53	56.25	52.5	49	84.5	80.5	75.25	82.33	87.33	93.33	102.5	105
29	34.67	39.67	45	49.2	51	49	46.5	53.09	64.6	69.2	75.25	80.5	86.25	102.5	105
15.97	26.2	38.67	42.8	46.4	49.8	50	47.5	35.44	60.75	69.2	71	76.25	83	102.5	105
10.67	22.33	34.67	41.2	45.25	47.8	50	50	27.97	71.5	63.2	68.5	75.67	78.75	93.33	105
11.01	19.5	32.83	37.8	42	46	48	47.5	25.99	47.67	55.8	63	68	75.25	100	102.5
11.8	12.86	33.67	39.4	46.6	52.2	44	43	26.4	27.25	52.17	60	67.8	77.2	95	102.5
9.7	15	32.5	37.4	41.4	47.8	46.5	45	24.3	35.75	53.2	59.25	67.25	76.5	92.5	101
17.62	19.4	30.67	36.6	40.8	42.6	46.4	45	33	40.75	53.2	60.5	67.25	76.5	92.5	101
32.29	22.75	32	37.4	41.2	47.6	46.5	45	53.17	44.33	51.5	60	67.25	76.5	91.5	100
60.14	30.33	38	41.8	45.4	49.8	50	46.5	87.5	61.5	60.25	67	72.5	78.25	95	100
32.5	23.75	38.43	42.33	47.17	52.83	47.5	46.5	51	46.14	62.5	71.2	78.4	85.4	105	110
21.82	25.2	29.67	45.6	51	54.4	47.5	46.5	44.55	47	63.6	72	80	88	107.5	112.5
20.83	28.33	36.8	43.25	49.5	52.25	47.5	47	44.09	66.5	68.75	78.67	84	90	108.5	115
14.33	27	37.83	44.4	49.4	52.8	48.5	47	36.5	61	65	76.5	81.25	88	109	115
13.23	29.33	37.67	44.2	49.6	53	48.5	50	30.92	72	66	75.5	84	91.25	120	130
10.5	12.5	38.83	45.6	52	55.6	48.5	50	30.83	29	65	74.25	84.5	93.75	125	137.5
13.93	24.17	34.13	43.5	50.83	53.57	51	53.33	32.14	43.8	59.29	71.6	81.6	87.5	108.33	121.67
12.18	27	31	43.75	50.5	52.5	48	50	31	53	66.25	78.33	89.33	98.33	118.5	132.5
13.14	25	34.8	43.6	50.6	53	48	50	28.85	51	62.25	72.25	82	88.75	117.5	127.5
19.86	27	35.33	43.4	48.4	49.17	50	53.33	35.58	64.5	61.2	72	80.75	83	103.33	111.67
18.33	19.88	33.8	43	48.8	50.8	47.5	50	34.17	43.17	64.75	71.25	80.75	87.5	112.5	117.5
15	24.67	29.4	39.57	46.5	47.33	50	53.33	30.77	54.67	59.75	65	74.8	81	93.75	109
12.4	20	25	36.43	44	47.67	47.5	50	29.7	69	55	62	72	80.87	107.5	117.5
12.45	17.5	23.33	36.33	44.67	49.83	47.5	50	29.7	44.67	50	61.4	73	82.2	112.5	120
15	19.5	25.33	36.17	45.33	51.67	47.5	50	32.75	52	47	59.4	72	81.2	110	117.5
31.91	19	26.8	35.8	42.4	49.6	47.5	50	52	54.5	50	60.75	71.75	79.75	110	115
17.1	22	29	37	40.75	47.2	47.5	50	36.25	43.75	51	60	70	76.75	110	115
16.86	21.6	31.83	38	42	47.6	47.5	50	31.79	45	53.4	61.25	69.5	77.25	110	115
20	21	32.75	37.33	41.67	47.33	47.5	50	38.18	55	60	69.5	78.5	89	110	115
21	24.4	32.71	40.33	44.33	50.17	47.5	50	38.77	50	54.17	63	70.6	80.8	110	115
17.93	22.67	33	37.6	45.4	47.5	47.5	50	33.93	57.5	52.67	61.25	72.5	75.8	110	115
11	12.25	29.33	37.6	44.4	51.2	50	50	28.83	27.5	49.17	60	69	78.8	110	115
11.21	17.8	28.67	35.8	41.4	46	47.5	50	25.38	40.5	49.6	60	67.5	77.25	110	115
12.69	19.2	26.71	35.8	40.83	46.6	47.5	50	28.13	43	47.83	60	66	79.25	110	115
13.13	18.4	26.57	36.4	43.6	47.4	47.5	55	27	42	49.17	60	69.5	78.75	110	115
18.69	22	26.5	36.4	42.4	46.6	50	55	34	55	50.71	57.5	68	78	110	115
24	19.82	33.71	38.4	43.6	47.2	50	57.5	42.5	35.64	55	60	69.5	78.75	110	115
14.42	19.4	32.25	39.4	43.6	49	51	57.5	31.25	45.25	52.57	60.25	69.75	79.5	112.5	117.5
29.75	24.5	38.2	40.5	46.25	51.25	57	65	49.62	51.25	59	61.5	70	80	112.5	117.5
23.23	21.67	36	41.75	46.5	51.25	57	68	39.23	52.33	57.5	62.75	70.75	81.25	115	120
14.82	17.67	33.5	39	45	50	56	57.5	30	61	57.4	63.25	71.25	81.75	115	120
0	13.08	32.17	39.8	45	50	56	62.5	0	27.73	57	64	71.75	82.5	115	120
16.13	22	35.67	41	47	53	57	70	30.14	45.5	55.83	62.2	70.4	82	115	120
19.91	24	37	42	49	54.33	58	70	38	53.33	61.2	70.33	79.33	90	115	120
24.14	22.33	33.43	41.6	45.2	51.4	57.5	60	43.33	59.5	59.33	66.75	74.5	85	115	120
17.57	20.5	31.88	41.33	46	51.17	52.5	60	33.92	52.33	56.86	65.6	73.6	85	115	120
0	17.23	33.4	44	48.5	54.35	65	75	0	30.62	57.2	66.75	74.5	83.75	116	121.5
29.13	28.6	36.67	43.6	47	52.6	57.5	62.5	49.07	56.75	62.6	70.75	77	85	115	120
65	37.75	46	47.25	51.5	54.5	62.5	67.5	92.08	69.33	73	75.33	80.67	90	117.5	122.5
66.54	32.67	45	52.33	56	60.33	62	67.5	97.08	71.5	77.5	83	87.5	100	120	125
0	72.13	48.67	49.8	54.4	60.2	63	67.5	0	100.77	75.6	78.75	85	93.75	121	125
44.64	40	49	47.6	53.6	59.6	61	65	74.17	78.75	77.4	78	85	95	121	125
39.15	34.8	44.5	47.4	53.2	59	60	61	61	72.5	73.8	78.25	85	93.75	121	125
67.06	37.75	55.71	47.6	54	59.8	60	61	97.5	75	88	77.75	85	93.75	121	125
45	29.33	42.33	50.6	55	59.4	60.5	61	71.54	77.5	73.8	81.25	87.5	97.5	122	125
0	27.8	37.83	49.4	54.6	59.2	60.5	61	0	47.31	71.8	80	86.25	96.25	116	122.5
19.53	24.8	36.67	48	54.4	59.2	60.5	61	36.15	56.25	65	78.25	86.25	97.5	118.5	122.5
24.64	23	37.67	47.6	54.4	59.6	60	61	43.5	57.5	68	78.75	86.75	98.75	118.5	122.5
14.67	20.5	33.67	42.8	51	55.8	60	61	29.86	49.25	61.6	75	85	94.5	118.5	122.5
11.27	21	34.6	42.6	50.4	55	60	61	26.31	60	60.75	72.5	83.75	93.75	118.5	122.5
15.09	0	34.5	42.6	50.6	56	65	66	28.8	0	58.6	72.5	83	92.5	118.5	132.5
20.83	26.4	35.5	46	52.6	58	67.5	67.5	39.09	52.5	58.6	76.25	85	93.75	110.5	122.5
19.57	21.6	33.43	43.67	52.4	58.6	66.5	67.5	38.85	50	56.33	70	84.5	93.75	118.5	122.5
13.71	19	36.29	44.4	51.4	60.6	62.5	66	30.42	62.5	60.83	74.25	84.5	93.75	118.5	122.5
0	14	34.38	42.4	51	57.6	61.5	65	0	29.33	56.86	68.25	81.25	87.5	115	120
16.79	21	34.71	43.4	51.2	57.4	61.5	65	32.54	47.25	60.5	69	81.25	57.5	115	120
20.07	21	36.5	45	52	59.6	62	65	36.08	48	59.6	72.67	84.33	88.75	115	120.5
33.43	21	35.75	45.8	52.2	59.6	61	65	51.92	49.5	63.25	70.75	83.75	90.75	115	120
46.36	25	38.2	45.2	50.8	57.2	62.5	67	70	57	68.25	70.75	82.5	88.75	115	120
0	48.64	44.25	45.5	49.5	56.25	62.5	67	0	76.17	77.67	74.67	83.33	91.67	115	120
31.54	27.5	38.2	45.5	50.5	57.25	62.5	67	52.82	59.67	65.75	74	86	92.33	115	120
23.5	24.5	35.75	44.25	49.25	55.5	62	65	42.7	58.67	65	73.33	86	92.33	115	120
19.92	21.33	34.17	42.8	49.4	56.4	60	64	36.54	60	62	71.25	83.25	90.5	115	120
14.42	22	33	41.4	47.6	54.2	54.5	60	29.75	63.5	61.4	68.75	78.25	88.75	115	120
9	17.25	30.8	39.5	44.75	51	53	55	37.5	33	60.5	68.33	77.67	90	112.5	117.5
15.43	21.8	32.71	39.6	45.4	53.2	53.6	55	30.62	45.5	59.17	66	74.25	87.5	112.5	117.5
34.86	27.2	33.67	41.2	46.8	52.8	52.5	55	55	50.5	50	64.75	73.75	86.75	112.5	117.5
27.79	23.67	32.33	40.8	46.6	52.4	52.5	55	46.67	53.5	58.2	65	73.5	86.25	112.5	117.5
19.5	20	33	38.4	43.2	49.8	52.5	55	35.42	51	57.17	63	70.5	82.75	112.5	117.5
15.4	17.25	31.33	37	42	49.4	50	55	33.6	35.25	57	63	71.75	83.25	112.5	117.5
31	46.73	58.33	63.75	71.25	83.75	112.5	117.5	15.85	19.6	29.43	33.2	38.2	44.8	42.5	60
23	20.2	31.43	33.2	37.8	44	42.5	50	41.77	48.75	59.83	63	70.5	82.5	110	115
13.93	16.67	30.57	34.4	37.6	44.4	47.5	50	27.54	52.5	59.17	63.75	70.5	82.5	110	115
10.31	15	27.71	33.6	38	43.6	42.5	47.5	23.42	52.5	56.67	63.75	70.5	82	110	115
9	10.71	24.67	30.4	36.2	42.4	45	52.5	22.14	27.14	53	60	68	78	110	115
11.31	16	25.33	31.8	36.4	42	42.5	50	23.23	41.25	53	60	67.5	75.25	110	115
10.57	17.5	24.5	31.4	36.2	42	45	52.5	22.62	45	51	60	66.75	75.25	110	115
9.86	13.33	24	28.6	34.2	41	45	52.5	22.75	50	51	57.4	64.25	74.75	110	115
17.71	16.67	25	31.2	37.4	43	50	55	33.08	52.5	51	58.75	65.5	75.25	110	115
11.33	9.63	22.67	28.8	35	40.6	45	51.5	29.17	23.75	50	58.75	65.5	75.75	108.5	112.5
10.92	14.67	21.8	29	34.4	41.6	45	51.5	24.82	33.2	48.75	58	64.75	74.5	108.5	112.5
17.57	17	25.43	29.4	35.2	41.4	47	50.5	33	40	52.83	57.5	65.5	74	107.5	112.5
25.43	20.67	29	30	36	43.2	48.5	52.5	43.38	49	54.83	58.25	65	73.75	105	110
18.86	18.33	27.29	30.4	35.2	41	46	52.5	33.23	49	54	58.25	65	73.75	102.5	110
15.29	13.57	25.14	28.4	34.6	40.6	44.5	48.5	32.43	28.67	51.67	57	64.25	73	101	107.5
12.14	17	26	28.6	34.8	40.6	44.5	48.5	26	36.75	50.83	57.25	63.5	71.75	101	107.5
26.65	21	24.8	29.8	35.8	41.8	44.5	47	44.92	37.5	47.5	57	63.75	69.5	90	97.5
34.36	21.33	30	31.8	35.6	41.6	44.5	46.5	52.77	45	51	57	62.5	68.25	90	96
30.85	21	29.86	32.4	35.6	41.6	44.5	51.5	49.67	47.5	52.33	55.75	62	67	87.5	97.5
14.14	17.75	28.29	32.6	35.6	41.6	44.5	46.5	31.14	32.57	48.17	54.5	61	66.5	87.5	94
14	22	29.29	32.8	35.6	41.6	44.5	46.5	30	41	50	52.5	58	65.25	84	91.5
21.14	22.5	30.14	32.8	35.8	41.4	41.5	43	36.85	44.4	52.33	55.25	58.75	65	84	89
13.29	19.5	28	30.6	35.8	41.2	42	43	26.33	44	49.83	52.75	58.75	67.25	85	87.5
14.07	16.67	24.5	29.2	35	40	41.5	42.5	26	45	47.8	50.5	57.5	65.5	82.5	86
18.57	20	25.4	31.2	35	41	41.5	42.5	35.86	35.5	46	51.25	58	66	82.5	87.5
10.77	18	25.67	30	34.6	40.8	41.5	42.5	21.33	36.25	48.8	51.25	58.75	66.25	81	86
13.85	19.2	25.17	29.6	34	40	40	41.5	26.08	37.5	48.8	50.75	58.25	66.2	79	82.5
14.79	19.5	25.29	28.8	33.2	37.8	40	41.5	26.69	36.67	47.5	49	56.5	63.25	78.5	82.5
21.36	19.67	25.83	29.8	34.2	38.2	42.5	44	35.46	36.67	47	49	55.5	62.25	77.5	81
14.38	15.22	24.14	29.8	34.4	37.8	42	43.5	27.63	26.88	45	49	55.25	61.25	77.5	81.5
10.86	16.2	24.86	29.8	34.2	37.2	41.5	43	23	33.75	45	49	55.25	61.5	77	80
13.54	16.2	23.33	27.4	31.2	35.6	40.5	42.5	28.91	33.75	45	48.5	53.5	59.75	76	79
27.08	18.25	24.67	28.6	32	36.6	40	42	44.64	35	48	49	54.5	61	75	79
32.54	24.25	27	30.4	32.6	36.8	40	42	53.83	45	49.67	49.75	55.25	61.25	75	79
14.71	19.38	25.71	30.33	30.6	35	40	42	31.57	35.83	49.17	51.2	54.5	60	75	78.5
23.86	19.5	27	32.33	31	34.75	39.5	42	38.42	38.33	49.29	52.2	55.25	63.5	77	78
26.92	22.75	28.5	33.17	32.2	36.2	39.5	42	45.31	38.33	51.67	52.4	55	60.25	75	78
18	23.25	26.63	31.2	33.2	37.2	40.5	42	30.77	39.33	46.86	51	55.5	59.75	75	78
12	21	26.5	31.2	33.6	38	42.5	43.5	23.85	42.5	46.2	50	55.25	59.75	75	78
9.17	10.29	23.86	28.67	31.6	35.8	42	42.5	20.83	20.71	41.83	47	51.25	57.25	75	78
28.43	19.6	29.29	30.6	34.4	37.4	42	42.5	45.77	35	46	48.25	52.5	56.5	75	78
31.93	21	31.33	32.6	35.4	38.2	44	45	47.05	37.33	49.2	48.25	51.75	56.5	75	78
32.46	24.33	34.43	39	38.4	42.2	45	45.5	47.31	42.5	50.83	52.2	53	60.25	76	78
42.85	28.67	38	39	41	45	52.5	55	62.08	53.5	59	55.5	56.5	63.75	81.5	84.5
32.86	31.4	34.17	37.8	39.8	43.8	48.5	49.5	51	52	54.8	55	60.5	64	85.5	88
38.43	33	38	38.8	41.2	44.6	48.5	49.5	55	53.67	60.6	59.75	63	66	86	89
29.29	31.67	36	38.4	40.4	43.8	47.5	48.5	47.5	57	58.8	57	62.5	66.5	86	89.5
17.14	21.67	32.8	36.8	39.6	43.4	46.5	47.5	32.92	51.5	56.2	55.5	61.25	66.25	85	89
11	13.09	29	34	37.4	42.2	45	46.5	27.6	26.78	52	52	59	65	85	89.5
19.29	22	28.17	32.8	35.6	40.6	44	46	34.58	42	50.6	54.25	58.75	63.5	85	88.5
29.36	26.2	29.83	34.2	36.4	41	44.33	47	45.83	45.25	54.6	55.5	60	64.75	85	88.5
31.36	26.33	32.14	35.67	37.2	40.6	43	44.67	46.77	48	51.33	54.4	57.5	62.25	77.5	87.5
20.43	25.33	30.43	34.4	37.2	40.6	43	46	35.38	46.5	49.67	54.25	58.75	62.25	82.5	90
8.83	10.4	24.71	30	32.8	36.4	42	44.33	24	23	46.33	49.25	52.5	58.5	77.5	82.5
10.64	16.8	23.67	29.2	32.2	35.6	40.5	44	22.83	38.75	47.8	49.25	53.25	58	81.5	86.5
11.85	16.6	21.6	28	31.8	35.2	38.5	43	24.55	38.25	42.75	46.75	51	55.5	78.5	86
7.57	13	20	25.4	29.6	32.2	36	40	19.58	38.67	38.5	44.75	49	52.5	76.5	85.5
12.5	14	21.57	25.83	28.4	32	35.5	39.5	23.33	41	39.5	43.4	46.25	49.25	70.5	80.5
16.5	13	24.17	26.6	29.8	32	35.5	39.5	30	27.86	42.6	42.5	46.5	49.4	67.5	78
16.08	17.4	24.5	28	31.4	33.2	36	40	30.4	34.5	42.6	43.5	48	51	66.5	76.5
23.55	21	25.5	28.4	30.8	32.4	36	40	37.22	37.75	43.4	42.75	45.75	47.5	66	75.5
23.27	18	26.17	28.6	30.4	33.6	37	40.5	39.4	42	44.2	43.5	46.5	49.5	68	75
18	18.67	26	28.4	29.8	33.6	36	40.5	30.5	39	41.17	43.2	45.4	49	62.67	68.33
5.6	7.89	21.71	27	29.2	32.8	35	39	20.6	19	37.57	42.6	45.2	48.8	59.33	64.33
14.21	17.8	24.17	27.2	29	32.4	35	36.5	27.43	34.8	41.33	41.6	45.2	47.8	58	61.67
13.08	18	21.5	26.17	29.2	32.83	34	36	24.43	34	37.71	41.33	45.2	47.17	57.67	60.67
20.38	18.5	22.83	26.4	29.4	31.6	34	36	34.07	36.25	41	41.2	45.2	48.6	57.67	60.33
25.43	20	23.33	26.6	29.6	31.6	34	36	38.86	37.75	40.33	41.2	45	48.8	57.67	60
12.86	16	22.4	25.8	29.2	31.2	32.5	33.5	24.85	31.4	41.4	41.2	45	48.8	57.67	60
14.64	13	21	23.4	27.8	30.6	32	33.5	26.62	33.67	38.17	40.2	45	48.8	57.67	60
14.67	14.92	19	22.8	27.8	30.6	32.5	33.5	37.67	26.45	35.17	39.4	45	48.8	57.67	60
13.46	14.2	19.83	24.2	27.6	30.8	32.5	33.5	27.83	32.6	36.5	41.6	45	48.8	57.67	60
16.86	15.75	21.6	24.4	28.4	30.2	32	32.5	28.31	33.75	38	41.4	46	48.8	59.33	61.67
19.21	17	22	25.2	28.4	30.2	34	35	32.15	32.6	37.2	41.4	45.2	47.8	58.33	60.67
13.21	16.75	23.4	26	29.2	32	36	37.5	25.29	33.75	38.22	41.2	45	48.6	57.67	60.33
10.36	14.33	22.17	26.2	29.8	32.8	37.5	37.5	23.36	34.67	36.5	41.2	45	48.8	57.67	60
11	12.55	22.83	26.2	31	33	38	38.5	29.5	23.64	37.57	41.2	46	48.8	59.33	61.67
13.29	16	22.17	26.4	31.2	33	40.5	41	25	31.8	36.86	41.2	46.2	48.8	59.67	62.33
16.93	17	22.6	26.4	31.2	33.2	40.5	41	29.29	30.6	36.4	41.4	46.2	48.8	60	62.67
19.36	19.33	22	25.6	26.2	29.8	32.8	37.5	32.23	35.33	37	40.2	45.2	47.8	58.33	61
15.14	18.67	23.4	25.8	30	32.2	38	38.5	27.86	36.67	37.5	40	45	47.6	57.67	60.33
19.4	16.4	24.5	27	31.2	32.4	38	39	35.2	28	38.57	41	46	47.6	57.67	60.33
11.92	16.67	21.83	26.2	30.8	31.6	36	37	25.33	32.5	37.57	41.2	46.2	47.6	57.67	60
21.85	15.5	23.2	25.5	30.5	31.25	33	34	34.08	31.25	38.17	40	43.75	46.25	52.5	56
20.71	15.67	22	25.2	30.4	31.4	32.5	34	32.26	33	37.29	38.8	43.6	45.8	51	55.33
14.14	17.33	21	24.8	29.8	30.8	32.5	34	25.71	32.67	35.71	38.6	43.6	45.8	50.33	54.33
9.33	12.18	20.6	23.4	27.8	29.2	31.5	32.5	26	19.73	34	37.8	41.8	44.2	50	54.97
15.14	14.2	21.33	22.8	27.2	28.2	30	31.5	24.79	26.4	34.14	37.2	41	43.4	48.67	51.67
18.14	17	20.67	22.6	27	28	30	31.5	28.71	29.25	33.17	36	39.8	42.2	48.33	50.67
13.64	17.33	20.5	22.4	26	27.2	29.5	31	23.29	30	31.57	35.8	38.6	41.4	48	50.33
15	15.33	20.4	21.8	25.2	26.4	28.5	30	24.64	30.33	33.4	35.8	38.4	41.2	48	50.33
11.86	11.33	18.4	21	25	26.4	28.5	30	23.29	20	30.6	33.6	38.6	41.2	48	50.33
14.14	14.57	18.71	21.17	25	26.27	29	31.67	23.86	25.14	30.25	32.83	36.5	40.5	45.75	48.25
23.8	22.33	23.83	25.67	28.5	29.67	33.67	35	34.47	33.67	34.29	36	39.33	42.33	47.25	49
11.69	14.83	21.8	26.25	28.5	29.25	31	33.33	21.92	25.5	32.4	37.25	39.25	42	45.5	48
7.27	14.8	20.5	24.8	27.2	28.8	30.5	31.5	15.93	25.8	31	35.8	38.4	41.4	46	48
12.07	14.17	20.86	22.83	27	28	30.67	33.67	20.27	25.33	31.43	35	38.17	40.6	44.5	48
23.6	17.75	21.4	23	27	29	31	32	33.87	29	32	36.4	39.2	43.5	45.67	48
27.13	20.33	23.4	25.6	28	30	32.5	33.5	37.4	31	33.4	36.6	39	43	46	48
25.73	23.67	26	27.67	29.67	31.83	35	37.33	37.33	33.67	36.38	38.67	40.5	44.17	47	49.75
6.4	11.64	22	25.67	28.33	30.83	35.67	36.67	16.6	19.36	32.57	36.83	39	42.33	46	48.25
16.93	18.8	22.75	28.6	30.6	32.4	35	36.33	26.47	30	33.22	38.2	41.4	43.6	46.5	48.5
25.87	22.2	24.17	29.17	30.67	32.5	37.33	39	36.8	34	35.71	38.5	40.33	43.5	47.25	49
25.53	23	22.86	29.67	31	32.67	36.33	37.33	37.67	36.75	35.88	39.83	41.17	44.17	47.75	49.5
21.86	22.5	23.67	27.67	29.5	31.17	33.33	35	32.21	36	36.33	39.33	41.33	43.5	46.25	49.25
9.83	16	18.4	22	25.8	29	31	33	20	30.25	32.2	36.6	39.6	42.8	44.75	48.5
8.67	13.67	17.83	22	25.8	29.2	31	35.67	17.08	23.5	29.43	35.6	38.8	42.8	45.25	49.25
8.43	12	16.4	20.8	24.2	27.4	29	30	16.57	23	28.5	32.8	37.2	40.4	44.33	45
8.13	11.6	14.33	18.67	21.5	24.67	27.67	30	15.27	21.4	25	30	33.67	37	41.75	43.75
7	8.6	14.63	19	21.67	25	27.67	30	14.71	15.8	25.75	29.67	33.67	37.17	40.75	43
7.86	10.43	15.14	18.2	21.4	23.8	26.5	27.5	15.07	19.86	25.5	29.6	33.4	35.6	40.67	42
9.87	12.17	15.14	17.5	20.4	23.6	26.5	27.5	16.87	21.33	25.5	28.83	31.8	34.6	40.67	41.67
13.4	13.5	15.5	18.2	20.2	23	26	27.5	21.93	24.75	26.57	29.4	31.8	34.6	40.67	41.67
