1 441	-2.8	446
1 441	-3.2	422
1 441	-3.2	418
1 441	-3.6	407
1 360	-4	398
1 360	-4	385
1 360	-4.4	379
1 360	-5.2	372
1 711	-5.6	418
1 711	-5.6	468
1 711	-6	461
1 711	-6.4	454
1 933	-5.6	447
1 933	-5.2	436
1 933	-4.8	447
1 933	-4.4	446
1 874	-3.6	444
1 874	-3.6	445
1 874	-2.8	449
1 874	-2.4	459
1 792	-2.4	457
1 792	-2	457
1 792	-2	448
1 792	-3.5	443
1 513	-3.5	443
1 513	-3.8	426
1 513	-4.1	421
1 513	-4.6	418
1 498	-5.2	420
1 498	-5.1	414
1 498	-5.1	450
1 498	-5.1	476
1 504	-5.1	473
1 504	-4.2	467
1 504	-3	467
1 504	-2.3	461
1 502	-0.8	462
1 502	-0.8	461
1 502	-0.8	463
1 502	-1.6	462
1 575	-2	462
1 575	-2.8	462
1 575	-2.4	462
1 575	-2.4	462
1 770	-3.2	462
1 770	-4.4	462
1 770	-5.2	439
1 770	-6.9	422
1 561	-8.4	430
1 561	-9.6	432
1 561	-10.8	435
1 561	-11.3	433
1 555	-12.8	431
1 555	-13.1	420
1 555	-13.3	453
1 555	-13.3	481
2 033	-14.1	481
2 033	-14	485
2 033	-12.7	499
2 033	-12	499
2 085	-11.3	444
2 085	-10.8	444
2 085	-10.1	446
2 085	-10.5	450
2 040	-11	451
2 040	-12	453
2 040	-12.4	452
2 040	-12.9	447
2 213	-14	445
2 213	-14.5	451
2 213	-15	457
2 213	-15.3	413
1 755	-15.8	414
1 755	-16	412
1 755	-16.1	408
1 755	-16.3	406
1 805	-16.5	396
1 805	-16.6	371
1 805	-12.4	400
1 805	-12.8	431
2 082	-12.8	431
2 082	-11.6	440
2 082	-10.8	450
2 082	-8.8	453
1 884	-8.4	454
1 884	-7.2	454
1 884	-6.8	453
1 884	-6.8	444
1 935	-7.2	437
1 935	-7.2	435
1 935	-6.8	433
1 935	-6.8	437
1 700	-6.4	438
1 700	-6.4	441
1 700	-6	441
1 700	-7	406
1 700	-6.6	398
1 700	-6.5	394
1 700	-6.3	394
1 700	-6.1	382
1 497	-6	373
1 497	-5.8	353
1 497	-5.6	343
1 497	-5.3	389
1 559	-5	459
1 559	-4.3	468
1 559	-3.8	469
1 559	-3.5	466
1 570	-2.7	465
1 570	-2.3	456
1 570	-2	453
1 570	-1.3	454
1 508	-1	457
1 508	-1	459
1 508	-0.9	459
1 508	-0.5	457
1 588	-0.4	459
1 588	-0.3	459
1 588	-0.3	475
1 588	0	442
1 454	0.2	414
1 454	0.3	404
1 454	0.3	400
1 454	0.5	398
1 296	0.6	393
1 296	0.7	382
1 296	0.6	397
1 296	0.6	434
1 435	0.6	453
1 435	1	439
1 435	1.30	451
1 435	1.30	448
1 463	1.20	447
1 463	1.30	448
1 463	1.20	449
1 463	1	449
1 548	0.3	447
1 548	0	449
1 548	0.8	448
1 548	0.4	448
1 562	0.4	448
1 562	-0.4	448
1 562	-0.8	455
1 562	-2	415
1 405	-2.3	401
1 405	-2.7	404
1 405	-2.9	404
1 405	-3.2	402
1 398	-3.4	398
1 398	-3.6	394
1 398	-3.6	392
1 398	-3.8	391
1 634	-3.9	397
1 634	-3.7	391
1 634	-3.4	391
1 634	-2.7	401
1 777	-2.6	413
1 777	-2	413
1 777	-2.1	413
1 777	-2.3	419
1 752	-2.6	419
1 752	-3.3	460
1 752	-3.4	476
1 752	-3.5	470
1 609	-3.4	466
1 609	-3.5	440
1 609	-3.5	420
1 609	-3.6	415
1 465	-3.7	411
1 465	-3.8	402
1 465	-3.8	399
1 465	-4.6	392
1 392	-5.3	394
1 392	-5.1	397
1 392	-4	393
1 392	-3.6	393
1 581	-3.2	394
1 581	-2.8	398
1 581	-2.8	396
1 581	-2.4	406
1 776	-2.4	406
1 776	-1.6	411
1 776	-2	411
1 776	-1.6	419
1 958	-2	431
1 958	-2.8	472
1 958	-3.6	474
1 958	-3.6	480
1 899	-4.4	481
1 899	-4.8	481
1 899	-5.2	442
1 899	-5.2	442
1 453	-5.2	441
1 453	-5.6	438
1 453	-6.4	440
1 453	-6.8	442
1 546	-6.8	426
1 546	-7.6	426
1 546	-7.6	412
1 546	-7.6	462
1 694	-6.4	478
1 694	-6	470
1 694	-5.6	466
1 694	-4.8	466
1 693	-4.8	469
1 693	-4.4	468
1 693	-5.6	468
1 693	-5.2	468
1 716	-5.2	468
1 716	-5.6	468
1 716	-5.6	473
1 716	-5.2	477
1 783	-5.6	477
1 783	-6.4	456
1 783	-6	428
1 783	-6	433
1 535	-6	431
1 535	-6	425
1 535	-6	424
1 535	-5.6	425
1 505	-5.6	434
1 505	-5.6	427
1 505	-5.6	418
1 505	-5.2	416
1 642	-5.6	455
1 642	-4.8	480
1 642	-4	473
1 642	-2.8	474
1 656	-2	472
1 656	-2	472
1 656	-2	471
1 656	-2.4	471
1 605	-2.8	472
1 605	-3.2	472
1 605	-3.2	471
1 605	-3.2	471
1 793	-4	470
1 793	-4.4	471
1 793	-5.2	442
1 793	-6	429
1 663	-6.4	429
1 663	-7.2	435
1 663	-7.6	439
1 663	-8.4	442
1 750	-9.2	436
1 750	-9.2	429
1 750	-10	451
1 750	-10.4	495
1 935	-10.4	497
1 935	-10.4	504
1 935	-9.6	452
1 935	-9.6	447
1 937	-8.8	445
1 937	-8.8	442
1 937	-9.2	429
1 937	-10.4	423
2 032	-10.4	420
2 032	-10.8	430
2 032	-10.8	431
2 032	-11.2	433
2 043	-11.2	432
2 043	-11.6	432
2 043	-11.6	384
2 043	-12	388
1 685	-12	391
1 685	-12.4	384
1 685	-12.8	384
1 685	-13.2	378
1 762	-13.2	372
1 762	-14	362
1 762	-14.8	362
1 762	-15.2	388
1 935	-14	412
1 935	-13.6	392
1 935	-12.8	380
1 935	-11.6	396
1 870	-10.8	393
1 870	-10.4	385
1 870	-10	380
1 870	-9.6	352
1 960	-10	345
1 960	-11.6	335
1 960	-12.8	348
1 960	-13.2	385
2 087	-13.6	406
2 087	-14	421
2 087	-14	389
2 087	-15.6	396
1 722	-16.4	388
1 722	-16.8	387
1 722	-17.6	387
1 722	-18	382
1 783	-18.8	375
1 783	-18.8	360
1 783	-19.2	367
1 783	-19.6	400
2 064	-19.6	414
2 064	-18.4	421
2 064	-17.2	430
2 064	-15.6	429
1 936	-14.4	430
1 936	-13.2	429
1 936	-12.4	433
1 936	-12.4	430
1 936	-12.4	380
1 936	-13.2	379
1 936	-14.8	380
1 936	-16	392
2 136	-16	445
2 136	-17.2	447
2 136	-18	420
2 136	-18.4	442
1 829	-18.8	504
1 829	-18.4	490
1 829	-18	492
1 829	-17.6	495
1 803	-17.2	500
1 803	-17.6	506
1 803	-18	488
1 803	-18.4	487
2 026	-17.2	491
2 026	-13.2	491
2 026	-11.2	491
2 026	-9.2	496
2 049	-7.6	501
2 049	-6.8	501
2 049	-6.4	501
2 049	-7.2	501
2 067	-8	508
2 067	-9.6	529
2 067	-10.8	536
2 067	-13.6	536
2 052	-13.6	536
2 052	-14	536
2 052	-14.4	500
2 052	-15.6	498
1 795	-15.6	497
1 795	-15.6	498
1 795	-16.8	494
1 795	-17.2	492
1 786	-17.2	486
1 786	-17.6	480
1 786	-18	476
1 786	-18	474
1 895	-17.6	473
1 895	-15.2	471
1 895	-12.8	477
1 895	-10	479
2 035	-8	479
2 035	-6.4	485
2 035	-5.6	485
2 035	-4.4	492
2 057	-5.6	496
2 057	-7.6	497
2 057	-7.6	511
2 057	-6.8	510
2 080	-6.8	510
2 080	-7.2	510
2 080	-6.4	511
2 080	-6.4	494
1 650	-6.4	492
1 650	-6.8	490
1 650	-6	495
1 650	-6	492
1 655	-5.6	481
1 655	-5.6	469
1 655	-5.2	481
1 655	-5.2	494
1 703	-4.8	505
1 703	-3.6	506
1 703	-3.2	506
1 703	-2.4	485
1 597	-1.6	485
1 597	-1.2	486
1 597	-2	478
1 597	-2.8	475
1 591	-3.2	475
1 591	-3.2	485
1 591	-3.2	480
1 591	-2.8	478
1 680	-2.8	481
1 680	-2.8	483
1 680	-2.8	470
1 680	-4.8	443
1 525	-5	445
1 525	-5	442
1 525	-5.5	441
1 525	-6.1	443
1 574	-6.7	441
1 574	-7.3	431
1 574	-7.2	440
1 574	-8.4	474
1 868	-8.8	483
1 868	-9.2	483
1 868	-8.4	491
1 868	-9.2	495
1 885	-9.6	497
1 885	-9.6	493
1 885	-8.8	495
1 885	-9.2	505
2 004	-9.6	520
2 004	-10.4	522
2 004	-10.8	533
2 004	-10.8	537
2 123	-11.2	525
2 123	-12	525
2 123	-12	465
2 123	-12	414
1 891	-12	428
1 891	-12.4	429
1 891	-12.4	428
1 891	-13.2	425
1 774	-13.2	415
1 774	-13.2	404
1 774	-13.2	396
1 774	-14	395
2 011	-13.6	413
2 011	-13.2	405
2 011	-11.2	420
2 011	-10	424
1 912	-9.2	433
1 912	-8.4	482
1 912	-9.2	477
1 912	-9.6	471
1 983	-10	470
1 983	-11.2	470
1 983	-12	470
1 983	-12.8	470
2 185	-14	462
2 185	-14.4	465
2 185	-15.2	415
2 185	-15.2	398
1 833	-15.1	403
1 833	-15	406
1 833	-15	406
1 833	-15.7	407
1 870	-16.1	399
1 870	-16	382
1 870	-16.5	390
1 870	-17	423
2 121	-17.9	420
2 121	-16.5	426
2 121	-16.1	435
2 121	-15.1	437
2 000	-14	433
2 000	-13.2	425
2 000	-11.8	426
2 000	-12.1	422
2 079	-13.2	421
2 079	-12.9	420
2 079	-13.9	425
2 079	-15.3	431
2 313	-15.5	431
2 313	-16	443
2 313	-16.5	429
2 313	-17	411
1 927	-18.3	425
1 927	-19.5	427
1 927	-20	426
1 927	-20.6	406
1 962	-21	397
1 962	-21.3	397
1 962	-20.8	409
1 962	-21.2	438
2 230	-20.8	434
2 230	-19.2	436
2 230	-17.2	445
2 230	-14	451
2 005	-12	444
2 005	-11.6	445
2 005	-10.8	440
2 005	-10.4	435
2 085	-10.4	434
2 085	-11.2	433
2 085	-13.6	430
2 085	-15.2	426
2 212	-16	430
2 212	-15.6	440
2 212	-13.6	445
2 212	-12.4	443
